
汤臣一品

轮廓范围：[ [121.508654, 31.237524], [121.507105, 31.238786], [121.507105, 31.238852], [121.508057, 31.239612], [121.50812, 31.239605], [121.509409, 31.23808], [121.509373, 31.238011], [121.508722, 31.237509]]

建筑物1：[ [121.508066, 31.239018], [121.508322, 31.238744], [121.508443, 31.238798], [121.508425, 31.23891], [121.50847, 31.238979], [121.508336, 31.239088], [121.508273, 31.239072], [121.508165, 31.239103]]

建筑物2：[ [121.508461, 31.238547], [121.508515, 31.238408], [121.50865, 31.238308], [121.508776, 31.238343], [121.508794, 31.238458], [121.508825, 31.238485], [121.508713, 31.238628], [121.508654, 31.238605], [121.508574, 31.238671], [121.508457, 31.238605]]

建筑物3：[ [121.508708, 31.237876], [121.508807, 31.237783], [121.508713, 31.237717], [121.508601, 31.237814]]

建筑物4：[ [121.50834, 31.238161], [121.5083, 31.238181], [121.508223, 31.238165], [121.508237, 31.238069], [121.508295, 31.237976], [121.508403, 31.237922], [121.508466, 31.237934], [121.508443, 31.237988], [121.508578, 31.238076], [121.508394, 31.238204], [121.508349, 31.238161]]

建筑物5：[ [121.507882, 31.238636], [121.507783, 31.238563], [121.507747, 31.238489], [121.507792, 31.238397], [121.507837, 31.238416], [121.507918, 31.23837], [121.508039, 31.238466], [121.507976, 31.238536], [121.50799, 31.238563], [121.507985, 31.238566]]

建筑物6：[ [121.507514, 31.239014], [121.50741, 31.23896], [121.507383, 31.238987], [121.507316, 31.238918], [121.507338, 31.238817], [121.507482, 31.238717], [121.507648, 31.238864], [121.507662, 31.238906], [121.507612, 31.238964], [121.507594, 31.238933], [121.507527, 31.23901], [121.507523, 31.239014]]

尚海湾豪庭二期

轮廓范围：[ [121.465797, 31.187669], [121.466938, 31.186897], [121.466462, 31.186279], [121.466902, 31.185877], [121.468618, 31.185036], [121.469696, 31.187407], [121.466804, 31.188897]]

建筑物1：[ [121.468645, 31.187078], [121.468654, 31.186916], [121.469036, 31.186909], [121.469139, 31.186939], [121.469337, 31.187287], [121.469175, 31.187364], [121.469112, 31.187272], [121.468982, 31.187299], [121.468955, 31.187202], [121.469067, 31.187183], [121.469031, 31.187132], [121.468977, 31.18714], [121.468924, 31.187129], [121.468946, 31.187075], [121.468834, 31.187078], [121.46882, 31.187136], [121.468726, 31.187132], [121.468726, 31.18709]]

建筑物2：[ [121.467644, 31.186248], [121.467729, 31.186267], [121.467765, 31.186098], [121.467185, 31.18597], [121.46714, 31.18614], [121.467239, 31.186167], [121.467226, 31.186198], [121.467329, 31.186229], [121.467334, 31.186183], [121.467554, 31.186221], [121.46754, 31.186256], [121.467617, 31.186283], [121.467621, 31.18624],]

建筑物3：[ [121.46838, 31.186198], [121.468793, 31.186198], [121.468892, 31.186229], [121.468937, 31.186283], [121.469076, 31.186588], [121.468897, 31.186634], [121.468852, 31.186542], [121.468726, 31.186576], [121.468695, 31.186499], [121.468807, 31.186461], [121.468789, 31.186376], [121.468739, 31.186434], [121.468641, 31.186422], [121.468672, 31.18636], [121.46856, 31.186356], [121.468573, 31.186422], [121.468461, 31.186426], [121.468456, 31.186376], [121.46838, 31.186364],]

建筑物4：[ [121.466925, 31.186835], [121.466866, 31.186522], [121.466956, 31.186507], [121.467015, 31.186812],]

建筑物5：[ [121.467805, 31.188179], [121.467953, 31.187928], [121.468106, 31.187951], [121.468227, 31.188171], [121.468142, 31.188241], [121.468057, 31.188121], [121.46798, 31.188117], [121.467859, 31.188256],]

建筑物6：[ [121.466934, 31.188472], [121.467136, 31.188341], [121.467352, 31.188554], [121.467316, 31.188592], [121.467136, 31.188415], [121.466979, 31.188511],]

