富民路

1：[ [121.456151, 31.227961], [121.456596, 31.227347], [121.457009, 31.226579], [121.457396, 31.22573], [121.457786, 31.225042],]

2：[ [121.457387, 31.225745], [121.457791, 31.225039], [121.458271, 31.224228], [121.458613, 31.223645], [121.458837, 31.223139], [121.458887, 31.222788],]

淮海中路

1：[ [121.455051, 31.217542], [121.455752, 31.218442], [121.456214, 31.219024], [121.45634, 31.219136], [121.457292, 31.219631], [121.458343, 31.220059], [121.458343, 31.220059],]

2：[ [121.457324, 31.219646], [121.458316, 31.22004], [121.459147, 31.220387], [121.460279, 31.22085], [121.461699, 31.221437], [121.462503, 31.221723],]

长乐路

1：[ [121.457014, 31.223163], [121.458568, 31.22368], [121.459071, 31.223996], [121.459902, 31.224487], [121.460585, 31.224911], [121.460917, 31.225108],]

2：[ [121.460468, 31.224834], [121.460917, 31.225108], [121.461752, 31.225621], [121.462453, 31.226031], [121.464218, 31.226386], [121.465759, 31.226691],]

宛平路
1：[ [121.446809, 31.211118], [121.447335, 31.210215], [121.44791, 31.209184], [121.448341, 31.208435], [121.44901, 31.20725], [121.449455, 31.206447],]

2：[ [121.448961, 31.207316], [121.44945, 31.206447], [121.449845, 31.205779], [121.450335, 31.20491], [121.450793, 31.204111], [121.451094, 31.203625],]